9
-1 4 1 -1 8 -1 -1 6 -1
2 -1 -1 -1 -1 -1 -1 -1 5
-1 -1 -1 -1 -1 -1 -1 -1 1
-1 -1 -1 -1 -1 -1 -1 -1 -1
3 -1 -1 -1 -1 -1 -1 -1 9
-1 -1 -1 -1 -1 -1 -1 -1 -1
9 -1 -1 -1 -1 -1 -1 -1 -1
7 -1 -1 -1 -1 -1 -1 -1 2
-1 3 -1 -1 6 -1 2 4 -1
9
9 0 1 9 18 19 28 29 30 21
9 2 3 4 5 10 11 12 13 20
9 6 7 8 17 14 15 23 32 33
9 16 24 25 26 34 35 43 44 53
9 27 36 45 54 37 46 55 64 56
9 63 72 73 74 65 66 57 48 47
9 75 76 77 78 67 68 69 70 60
9 79 80 71 62 61 52 51 50 59
9 38 39 40 41 42 31 22 49 58